% A is sysmetric matrix,obtain U,such as
% U'*U=A

>> A=[6 15 55;15 55 225;55 225 979];
>> U=chol(A)

U =

    2.4495    6.1237   22.4537
         0    4.1833   20.9165
         0         0    6.1101

>> U'*U

ans =

    6.0000   15.0000   55.0000
   15.0000   55.0000  225.0000
   55.0000  225.0000  979.0000

>> 